40.000 199.000 61.000 103.000
39.907 197.961 63.750 107.643
39.907 197.961 63.750 107.643
39.907 197.292 63.750 107.643
39.907 197.292 63.750 107.643
39.239 195.286 63.750 107.643
39.239 195.286 63.750 107.643
39.239 195.286 63.750 107.643
38.570 193.949 63.750 107.643
38.570 192.612 63.750 107.643
37.902 191.943 63.750 107.643
37.233 188.600 63.750 107.643
36.564 185.257 63.750 107.643
35.896 179.908 63.750 107.643
34.558 174.559 63.750 107.643
34.459 167.452 66.624 112.496
34.454 162.808 63.833 107.784
35.795 156.102 63.833 107.784
36.466 148.725 63.833 107.784
37.807 141.349 63.833 107.784
39.819 133.972 63.833 107.784
41.062 125.508 66.711 112.643
44.559 120.866 63.917 107.926
49.253 116.172 63.917 107.926
51.165 105.693 66.799 112.791
53.872 97.535 69.810 117.876
58.165 89.011 72.957 123.189
62.654 83.168 76.246 128.743
70.650 79.464 73.053 123.351
74.370 77.450 76.346 128.912
81.588 74.242 76.346 128.912
88.800 70.526 73.148 123.513
91.763 63.899 76.446 129.081
96.456 58.583 79.892 134.900
101.369 51.347 83.494 140.981
116.264 49.917 79.997 135.077
125.496 51.595 79.997 135.077
138.920 47.710 76.647 129.420
151.780 48.812 73.437 124.000
162.564 52.950 70.361 118.807
166.892 51.750 73.533 124.162
179.248 52.032 70.454 118.962
191.072 56.741 67.503 113.980
198.858 56.741 67.503 113.980
205.831 51.341 70.546 119.119
210.170 50.879 73.726 124.488
215.479 48.848 77.050 130.100
235.718 42.664 73.823 124.652
243.460 46.824 70.731 119.431
250.148 49.053 70.731 119.431
256.831 52.297 67.769 114.430
258.151 51.141 70.824 119.588
264.836 55.132 67.858 114.580
265.442 54.684 70.917 119.745
269.912 56.175 70.917 119.745
273.638 58.410 70.917 119.745
278.848 62.408 67.947 114.730
285.981 67.665 65.101 109.925
290.081 71.335 62.375 105.321
291.295 76.165 65.187 110.069
293.247 78.475 68.125 115.031
296.006 80.892 71.196 120.217
300.485 87.144 68.215 115.182
304.779 91.438 68.215 115.182
309.789 96.448 68.215 115.182
315.514 100.027 68.215 115.182
318.986 101.009 71.290 120.375
324.979 107.750 71.290 120.375
330.966 115.514 68.304 115.333
334.450 115.785 71.383 120.532
339.693 124.024 71.383 120.532
344.933 132.540 68.394 115.485
344.826 134.243 71.477 120.691
350.829 145.031 68.484 115.636
353.707 152.947 68.484 115.636
357.300 163.284 65.615 110.793
359.365 169.478 65.615 110.793
361.430 175.672 65.615 110.793
364.868 183.498 62.867 106.153
364.868 188.784 62.867 106.153
366.190 193.410 62.867 106.153
368.167 200.258 60.235 101.708
366.178 200.491 62.950 106.293
365.517 203.795 62.950 106.293
365.517 205.777 62.950 106.293
366.175 209.325 60.314 101.841
364.908 209.325 60.314 101.841
364.904 210.824 57.788 97.576
362.390 206.807 60.393 101.975
364.921 208.309 57.864 97.704
361.793 204.283 60.472 102.108
363.695 203.880 57.939 97.832
362.997 199.244 60.551 102.242
366.806 198.843 58.015 97.960
364.279 192.976 60.631 102.377
364.187 186.845 63.364 106.992
367.508 185.098 60.710 102.511
370.057 181.911 60.710 102.511
367.414 174.503 63.447 107.132
369.414 171.169 63.447 107.132
369.414 165.836 63.447 107.132
367.984 156.755 66.307 111.961
367.185 147.966 69.296 117.009
364.168 140.964 72.420 122.283
365.685 138.199 69.387 117.162
360.484 131.194 72.515 122.444
358.201 127.390 72.515 122.444
352.002 120.065 75.784 127.964
351.201 120.357 72.610 122.604
346.624 117.306 72.610 122.604
341.174 113.017 75.884 128.131
336.397 112.221 75.884 128.131
331.618 114.108 72.706 122.765
323.877 110.578 75.983 128.300
315.780 107.686 79.409 134.083
306.610 111.327 76.083 128.468
299.424 111.623 72.897 123.088
291.664 109.613 76.183 128.636
284.459 113.107 72.992 123.249
278.214 111.862 76.283 128.805
271.814 114.262 76.283 128.805
262.894 112.959 79.721 134.612
257.865 116.615 76.383 128.974
250.530 114.510 79.826 134.788
246.341 119.007 76.483 129.143
239.003 118.502 79.931 134.965
230.488 117.138 83.534 141.049
224.223 112.206 87.300 147.408
217.677 113.462 91.235 154.053
210.836 111.903 95.348 160.997
210.832 118.274 91.355 154.255
211.787 124.381 87.529 147.795
209.941 131.154 83.863 141.605
205.409 131.484 87.644 147.989
201.595 133.666 91.595 154.660
207.356 139.787 87.759 148.183
204.456 140.133 91.715 154.863
209.270 143.022 91.715 154.863
207.345 144.947 91.715 154.863
213.121 147.835 91.715 154.863
221.781 149.153 87.874 148.377
230.993 153.181 84.194 142.163
238.947 156.158 80.668 136.209
247.412 155.622 77.289 130.505
253.901 157.543 74.053 125.039
260.887 160.938 70.951 119.803
263.013 157.492 74.150 125.204
268.458 159.336 71.044 119.960
272.929 158.591 71.044 119.960
277.288 153.651 74.247 125.368
285.086 158.618 71.138 120.117
287.218 155.910 74.344 125.532
295.798 161.661 71.231 120.275
302.519 165.673 68.248 115.238
308.958 169.518 65.389 110.412
313.759 171.143 62.651 105.788
315.631 170.073 65.475 110.557
320.443 173.764 62.733 105.927
323.079 176.399 62.733 105.927
328.345 177.959 60.106 101.490
331.498 178.821 57.589 97.240
330.892 184.481 55.177 93.168
334.361 183.540 52.866 89.266
336.578 182.634 50.652 85.527
337.562 183.363 52.935 89.383
338.033 180.239 55.322 93.412
340.933 179.293 53.005 89.500
341.409 177.833 55.394 93.535
341.325 176.307 57.892 97.751
344.968 176.530 55.467 93.657
346.630 173.837 57.967 97.880
349.578 171.023 60.581 102.292
354.023 171.894 58.044 98.008
356.984 169.075 60.660 102.426
360.714 165.492 63.395 107.043
363.938 163.079 66.252 111.869
368.710 159.862 69.239 116.912
371.514 157.227 72.360 122.182
374.549 157.985 72.360 122.182
375.195 151.437 75.622 127.690
381.543 156.493 72.455 122.343
386.864 159.816 69.421 117.219
388.946 154.256 72.550 122.503
392.750 151.974 72.550 122.503
396.441 146.170 75.821 128.025
403.601 147.258 72.646 122.664
408.936 147.539 69.603 117.527
414.050 147.074 66.688 112.605
413.947 144.536 69.694 117.681
421.257 141.149 66.776 112.752
422.661 141.851 66.776 112.752
424.767 140.447 66.776 112.752
431.079 140.001 63.979 108.030
435.109 140.918 61.300 103.506
438.965 141.156 58.732 99.171
442.042 142.001 56.273 95.018
439.593 142.220 58.810 99.301
445.766 143.064 56.347 95.143
442.719 143.880 58.887 99.432
449.511 145.345 56.421 95.267
448.240 147.342 58.964 99.562
453.812 150.667 56.495 95.392
456.179 150.295 54.129 91.397
456.096 149.373 56.569 95.518
459.657 147.214 54.200 91.517
457.867 143.445 56.643 95.643
456.590 136.536 59.196 99.954
459.694 131.792 56.717 95.768
456.628 126.057 59.274 100.086
457.871 121.706 59.274 100.086
453.427 115.721 61.946 104.597
450.823 110.513 61.946 104.597
444.870 102.297 64.739 109.313
444.184 96.421 62.027 104.735
438.229 88.201 64.823 109.456
432.686 80.972 67.746 114.390
426.987 76.249 64.909 109.600
418.700 70.367 67.835 114.540
405.783 67.785 70.893 119.704
394.601 71.782 67.924 114.691
381.650 59.919 70.986 119.861
367.493 50.977 70.986 119.861
348.756 40.825 74.186 125.264
332.406 44.226 71.079 120.018
319.700 40.016 68.102 114.992
303.851 34.561 71.172 120.176
286.559 31.852 74.380 125.593
266.933 32.143 77.733 131.255
249.800 29.182 74.478 125.758
228.563 29.477 77.835 131.427
209.638 30.603 81.344 137.352
198.549 55.338 81.344 137.352
166.863 27.507 85.011 143.543
147.236 20.369 85.011 143.543
139.206 26.615 85.011 143.543
128.500 17.693 85.011 143.543
109.633 6.428 88.843 150.014
100.164 4.914 92.848 156.777
86.377 7.227 97.034 163.844
84.338 1.499 92.970 156.983
81.403 8.692 89.077 150.408
75.791 14.304 89.077 150.408
67.373 14.304 89.077 150.408
58.956 17.110 89.077 150.408
52.403 24.936 85.346 144.109
47.022 34.226 81.772 138.074
41.864 43.129 78.347 132.291
38.575 54.115 75.066 126.751
36.205 62.286 71.922 121.443
32.427 67.849 68.910 116.357
29.427 71.015 72.017 121.602
26.399 78.583 72.017 121.602
24.123 89.455 69.001 116.509
22.674 97.683 66.111 111.630
18.407 100.720 69.091 116.662
18.403 108.967 66.198 111.776
16.319 117.554 63.425 107.095
14.319 122.221 63.425 107.095
13.647 131.130 60.769 102.610
13.645 137.102 58.224 98.313
10.497 136.722 60.849 102.745
7.847 136.963 63.592 107.376
11.179 141.878 60.929 102.880
11.815 147.228 58.377 98.571
13.652 152.361 55.932 94.443
12.977 153.164 58.454 98.700
16.656 158.299 56.006 94.567
17.241 163.220 53.660 90.606
20.617 167.160 53.660 90.606
22.305 171.099 53.660 90.606
22.868 175.038 53.660 90.606
23.910 177.498 56.079 94.691
26.175 180.069 58.607 98.959
28.548 184.611 61.249 103.420
30.383 188.712 64.010 108.083
34.414 194.338 61.329 103.556
34.961 195.862 64.094 108.224
36.978 199.225 64.094 108.224
38.324 201.915 64.094 108.224
40.338 204.854 61.410 103.692
40.983 206.789 61.410 103.692
41.534 207.032 64.178 108.366
41.437 205.939 67.071 113.252
42.845 209.459 67.071 113.252
43.549 210.866 67.071 113.252
43.549 214.386 67.071 113.252
40.629 208.314 70.095 118.357
43.567 217.410 67.159 113.400
39.936 212.030 70.187 118.512
39.091 207.147 73.351 123.855
42.168 215.905 70.279 118.668
38.373 208.807 73.447 124.017
37.488 206.012 76.758 129.608
34.260 207.114 73.543 124.180
37.237 200.452 76.859 129.778
34.011 208.811 73.640 124.343
35.442 206.008 76.960 129.948
37.861 203.074 73.737 124.506
33.101 204.141 77.061 130.119
33.794 205.257 80.534 135.984
31.254 203.879 77.162 130.289
31.135 204.991 80.640 136.163
34.518 209.537 77.263 130.460
30.341 210.655 80.746 136.341
31.188 206.420 80.746 136.341
28.521 208.429 84.386 142.488
29.402 205.209 80.852 136.520
32.793 208.916 77.466 130.803
29.419 210.037 80.958 136.699
30.268 213.433 80.958 136.699
27.594 215.446 84.607 142.862
27.464 216.667 88.421 149.302
26.398 214.229 92.407 156.032
22.516 214.229 92.407 156.032
23.486 216.170 92.407 156.032
19.604 215.200 92.407 156.032
21.404 211.683 96.573 163.066
18.357 212.056 92.529 156.237
19.183 210.476 96.700 163.280
17.146 210.848 92.650 156.442
18.947 211.212 96.827 163.494
19.963 213.243 96.827 163.494
16.912 212.604 92.772 156.647
18.719 211.997 96.954 163.709
19.732 210.336 92.893 156.853
22.651 203.876 89.003 150.284
26.386 193.929 85.276 143.990
27.275 194.255 81.704 137.960
32.414 197.144 78.283 132.182
33.231 198.269 75.004 126.646
36.378 200.133 71.863 121.342
38.638 204.183 68.853 116.260
35.639 201.563 71.957 121.501
34.772 199.579 75.201 126.979
33.077 196.717 78.591 132.703
34.723 197.020 75.300 127.145
36.299 199.682 72.146 121.820
37.056 200.439 72.146 121.820
37.053 199.962 69.125 116.719
36.946 199.508 72.241 121.980
35.424 199.786 69.215 116.872
36.046 199.334 72.336 122.140
36.805 200.093 72.336 122.140
36.043 199.615 69.306 117.025
35.936 199.160 72.430 122.301
36.586 197.924 75.696 127.814
35.788 198.218 72.525 122.461
35.788 199.740 72.525 122.461
35.025 200.022 69.488 117.332
36.376 198.836 72.621 122.622
36.371 199.878 69.579 117.486
35.534 198.693 72.716 122.783
36.297 199.456 72.716 122.783
36.294 199.739 69.671 117.640
35.455 199.281 72.811 122.944
37.749 200.046 72.811 122.944
36.980 201.856 69.762 117.795
35.407 199.932 72.907 123.105
38.463 198.686 69.853 117.949
34.689 198.961 73.002 123.266
38.518 200.009 69.945 118.104
36.318 202.209 69.945 118.104
36.318 202.209 69.945 118.104
37.051 201.475 69.945 118.104
37.049 201.015 67.016 113.158
37.753 201.719 67.016 113.158
36.345 201.719 67.016 113.158
38.457 198.903 67.016 113.158
36.345 200.311 67.016 113.158
39.156 199.161 64.209 108.419
37.709 198.741 67.104 113.306
38.308 200.411 70.129 118.414
34.522 203.624 73.290 123.752
35.176 203.909 76.594 129.331
39.995 200.186 73.386 123.915
43.844 207.404 70.313 118.725
39.310 200.305 73.483 124.077
46.243 198.279 70.405 118.881
52.152 191.898 67.457 113.902
51.441 185.789 64.632 109.132
54.055 176.545 67.545 114.052
51.113 167.586 70.590 119.193
57.038 160.446 67.634 114.201
58.454 154.320 64.801 109.418
61.172 148.447 62.087 104.836
63.027 141.527 64.886 109.562
67.108 136.337 62.169 104.974
69.624 130.706 64.971 109.706
75.079 127.544 62.250 105.111
81.606 125.175 59.643 100.709
86.516 119.777 62.332 105.249
90.351 114.131 65.142 109.994
95.041 105.492 68.079 114.952
99.216 100.047 71.148 120.134
112.659 100.321 68.168 115.103
122.675 104.163 65.313 110.283
127.379 98.932 68.257 115.254
143.838 101.345 65.399 110.427
156.874 106.403 62.660 105.803
166.070 104.432 62.660 105.803
181.833 105.991 60.036 101.372
188.033 104.965 62.742 105.941
200.454 105.212 65.570 110.717
207.923 102.716 68.526 115.708
212.135 100.108 71.615 120.924
243.674 104.893 68.616 115.860
255.186 109.478 65.743 111.008
267.605 114.564 62.989 106.359
274.213 119.189 62.989 106.359
280.160 125.136 62.989 106.359
286.105 128.685 60.351 101.905
289.178 133.988 63.072 106.499
291.733 138.878 65.915 111.299
295.092 142.598 68.887 116.317
300.876 154.440 66.002 111.445
303.642 163.003 63.238 106.778
304.307 167.656 63.238 106.778
302.307 172.551 60.589 102.306
301.037 176.998 60.589 102.306
293.953 177.233 63.320 106.918
285.879 174.158 66.175 111.738
278.141 170.946 69.158 116.775
282.491 179.195 66.262 111.885
275.429 175.281 69.249 116.928
273.969 180.639 66.349 112.031
269.792 180.639 66.349 112.031
272.577 184.120 66.349 112.031
268.397 183.681 63.570 107.340
267.728 185.929 60.908 102.844
268.365 189.361 58.357 98.537
265.826 188.975 60.988 102.979
265.821 190.490 58.433 98.666
267.048 194.786 58.433 98.666
263.362 195.011 55.986 94.534
263.358 201.108 53.642 90.575
259.416 200.754 51.395 86.782
261.573 205.068 51.395 86.782
257.257 204.189 49.243 83.148
258.735 205.938 51.463 86.896
256.566 203.970 49.307 83.257
258.634 208.301 47.242 79.770
255.654 212.452 45.264 76.429
257.007 212.153 47.304 79.874
254.948 213.825 49.437 83.475
257.471 217.140 51.665 87.238
258.553 223.855 49.502 83.585
256.472 222.487 47.429 80.084
257.468 225.974 47.429 80.084
255.473 224.662 45.442 76.730
253.566 221.981 43.539 73.517
254.023 224.722 43.539 73.517
252.584 226.263 45.502 76.831
251.145 224.044 43.596 73.613
251.145 227.242 43.596 73.613
246.964 223.299 45.562 76.932
244.024 217.259 47.615 80.400
240.524 208.259 47.615 80.400
239.450 201.947 49.762 84.024
239.893 195.880 52.005 87.812
238.721 186.815 54.350 91.771
236.355 176.187 56.800 95.908
233.883 166.873 59.360 100.231
238.247 156.896 59.360 100.231
236.286 144.037 62.036 104.749
241.491 137.117 59.438 100.363
245.853 131.736 56.949 96.159
248.843 127.550 56.949 96.159
249.952 120.598 59.516 100.494
251.738 115.205 62.199 105.024
254.906 112.185 65.003 109.759
261.726 111.072 62.281 105.162
263.587 106.743 65.088 109.903
268.364 106.060 65.088 109.903
270.991 103.583 68.022 114.857
276.698 105.275 65.174 110.047
279.334 102.794 68.112 115.008
282.809 102.349 71.182 120.192
286.544 106.831 71.182 120.192
287.928 107.857 74.391 125.611
289.373 110.489 77.744 131.273
289.370 115.685 74.488 125.776
288.473 121.456 77.846 131.445
285.083 127.487 81.356 137.371
278.975 132.940 85.023 143.564
271.705 139.518 88.856 150.035
267.033 151.059 85.135 143.752
263.451 160.328 81.569 137.732
256.471 170.077 85.246 143.941
250.212 187.065 85.246 143.941
232.197 196.338 89.089 150.429
220.836 205.106 93.105 157.211
213.024 214.871 93.105 157.211
197.255 217.186 97.302 164.298
193.168 222.294 97.302 164.298
190.098 224.713 93.227 157.417
187.158 224.096 89.323 150.824
186.217 220.693 85.582 144.508
181.726 212.611 85.582 144.508
175.307 201.271 89.440 151.022
179.059 192.224 85.695 144.697
