397.000 117.000 18.000 35.000
394.947 116.623 18.811 36.578
392.798 116.661 19.659 38.227
393.257 115.349 20.546 39.950
391.804 117.362 19.685 38.277
396.540 116.460 19.685 38.277
397.628 117.036 18.861 36.674
400.180 116.725 18.071 35.138
392.529 118.696 17.314 33.666
389.564 117.937 18.095 35.184
388.696 117.843 17.337 33.711
393.256 117.083 18.118 35.230
388.232 118.236 17.360 33.755
386.054 117.840 17.360 33.755
387.407 118.349 16.633 32.341
394.070 118.951 17.382 33.799
385.954 117.001 18.166 35.323
393.193 118.572 17.405 33.843
391.201 118.010 18.190 35.369
395.947 118.542 17.428 33.888
378.712 122.852 16.698 32.469
380.237 119.838 17.451 33.932
387.044 117.673 18.238 35.462
391.583 119.039 17.474 33.977
381.749 118.151 16.742 32.554
382.332 118.570 17.497 34.021
373.938 120.803 18.285 35.555
364.040 124.065 17.520 34.066
360.040 125.465 17.520 34.066
348.445 127.697 18.309 35.602
360.201 124.377 19.135 37.207
360.822 126.035 18.333 35.648
352.855 125.861 19.160 37.255
322.996 130.511 20.024 38.935
314.056 130.092 20.926 40.690
341.287 127.834 20.050 38.986
350.195 126.357 19.210 37.353
358.942 124.943 18.406 35.789
366.710 122.038 19.235 37.402
341.900 126.246 20.103 39.088
328.600 129.036 21.009 40.850
328.850 122.809 21.956 42.692
329.108 120.592 22.946 44.616
353.814 131.410 23.980 46.628
362.551 120.033 22.976 44.675
366.500 128.748 24.011 46.689
330.219 125.059 23.006 44.734
351.771 126.415 24.043 46.750
388.784 112.571 23.036 44.792
393.257 107.882 24.074 46.811
391.342 106.004 25.160 48.922
353.245 121.440 24.106 46.873
339.097 124.357 23.097 44.910
342.492 124.503 22.129 43.029
333.597 126.922 21.202 41.227
347.900 125.354 20.315 39.500
337.125 128.048 19.464 37.846
366.416 122.500 20.341 39.552
365.257 119.276 21.258 41.335
386.126 116.008 20.368 39.604
366.486 116.604 19.515 37.946
359.787 120.666 20.395 39.656
351.114 126.396 19.540 37.995
345.712 128.310 18.722 36.404
373.715 120.223 19.566 38.045
348.642 128.396 18.747 36.452
339.457 128.215 19.592 38.095
323.326 132.366 18.771 36.500
323.935 133.346 17.985 34.971
327.606 133.049 17.232 33.506
337.119 115.460 18.009 35.017
338.320 117.017 17.255 33.550
357.495 128.810 16.532 32.145
382.158 120.367 17.277 33.594
355.231 125.749 18.056 35.109
327.236 131.752 18.870 36.692
331.555 116.043 19.721 38.346
344.596 128.346 18.895 36.740
372.856 116.086 19.746 38.396
342.195 125.368 20.637 40.127
345.922 126.444 19.772 38.446
359.231 121.969 20.664 40.179
378.407 117.354 19.798 38.497
364.947 118.842 18.969 36.885
369.697 123.097 18.175 35.340
353.907 125.626 18.994 36.933
354.349 125.229 19.850 38.598
380.922 117.166 19.019 36.981
392.899 113.503 19.876 38.648
394.271 112.177 20.772 40.391
395.938 110.792 21.709 42.212
395.147 114.913 20.800 40.444
363.355 122.031 20.800 40.444
352.877 126.911 19.929 38.750
383.128 117.358 19.929 38.750
376.494 119.989 19.094 37.127
358.870 123.070 19.955 38.801
366.566 124.338 19.119 37.176
358.229 124.158 19.981 38.852
370.167 115.024 20.882 40.603
337.641 125.352 21.823 42.433
327.889 128.233 20.909 40.656
351.332 120.817 20.909 40.656
383.147 116.033 20.909 40.656
391.527 112.246 21.852 42.489
357.403 120.072 22.837 44.405
391.573 111.769 23.866 46.406
392.398 107.180 24.942 48.498
360.571 118.788 23.897 46.467
366.028 111.745 24.975 48.562
391.171 110.471 23.929 46.528
381.515 116.112 22.927 44.580
371.223 114.155 21.966 42.713
386.239 115.552 21.047 40.924
393.483 110.288 21.995 42.769
391.983 108.320 22.987 44.697
365.927 119.241 22.024 42.825
332.033 126.323 22.024 42.825
345.141 125.449 21.102 41.031
376.742 114.154 22.053 42.881
343.563 124.916 21.129 41.085
371.258 120.712 20.245 39.364
383.482 117.834 19.397 37.716
381.008 119.510 18.584 36.136
372.291 118.573 17.806 34.623
344.564 128.804 18.609 36.184
326.192 130.126 19.448 37.815
355.222 122.405 20.324 39.520
375.714 118.332 19.473 37.864
376.393 111.891 20.351 39.571
369.868 116.832 21.268 41.355
375.419 119.157 20.378 39.623
344.579 128.153 19.524 37.964
342.976 127.831 18.707 36.374
370.980 119.317 19.550 38.014
393.072 116.983 18.731 36.422
364.010 121.933 19.576 38.064
373.808 119.377 18.756 36.469
374.201 121.637 17.970 34.942
353.783 128.545 17.218 33.479
333.003 131.320 17.994 34.988
333.421 129.708 18.805 36.565
361.683 122.629 19.653 38.214
391.231 115.002 20.539 39.936
372.131 116.780 19.678 38.264
374.394 111.182 20.566 39.989
370.354 120.490 19.704 38.314
388.355 117.459 18.879 36.709
391.164 115.769 19.730 38.364
360.504 134.973 20.620 40.094
391.333 115.010 21.549 41.901
390.302 115.888 20.647 40.146
366.029 124.258 19.782 38.465
354.534 120.910 20.674 40.199
366.592 116.295 19.808 38.515
375.877 111.643 18.978 36.902
376.320 109.941 19.834 38.566
369.732 88.373 20.728 40.304
363.333 85.330 21.662 42.121
366.057 84.874 22.639 44.020
363.994 82.070 23.660 46.005
362.378 82.386 24.726 48.078
359.562 79.044 25.841 50.246
355.723 76.431 27.006 52.511
357.527 79.699 25.875 50.312
356.056 75.604 27.041 52.580
358.171 79.803 25.909 50.378
356.641 79.970 24.824 48.268
356.925 80.254 24.824 48.268
357.210 80.823 24.824 48.268
358.063 79.970 24.824 48.268
358.916 78.833 24.824 48.268
357.161 82.118 23.784 46.246
356.897 79.440 24.856 48.331
355.769 78.635 25.977 50.510
357.207 78.799 24.889 48.395
360.287 80.096 23.846 46.368
