397.000 117.000 18.000 35.000
398.647 117.000 18.000 35.000
396.388 116.211 18.811 36.578
401.527 117.193 18.024 35.046
393.086 118.016 18.024 35.046
388.934 117.515 17.269 33.578
396.863 117.352 18.047 35.092
400.946 117.263 17.291 33.622
393.387 119.750 16.567 32.214
392.063 118.643 17.314 33.666
389.686 118.841 17.314 33.666
393.653 117.290 18.095 35.184
388.628 118.235 17.337 33.711
385.855 118.037 17.337 33.711
386.647 118.235 17.337 33.711
393.782 118.267 18.118 35.230
385.640 117.758 17.360 33.755
392.576 117.591 18.142 35.276
390.712 116.588 18.960 36.867
395.897 117.578 18.166 35.323
379.027 120.812 17.405 33.843
384.391 118.120 16.676 32.426
387.059 118.150 17.428 33.888
391.223 119.460 16.698 32.469
382.063 119.189 15.999 31.109
382.067 119.217 16.720 32.511
381.457 121.819 16.020 31.150
389.666 119.294 16.742 32.554
380.985 120.936 16.041 31.190
390.393 118.759 16.764 32.597
396.349 118.566 16.764 32.597
388.087 118.566 16.764 32.597
385.979 117.447 17.520 34.066
384.946 118.161 16.786 32.639
382.800 120.574 16.083 31.272
391.100 118.947 16.808 32.682
378.770 122.130 16.104 31.313
379.475 121.126 15.430 30.002
390.422 119.568 16.125 31.354
385.266 118.308 16.852 32.768
383.697 118.994 16.146 31.396
387.573 118.102 16.874 32.811
377.742 119.750 16.168 31.437
384.193 119.197 16.168 31.437
393.781 119.595 16.896 32.854
389.476 118.730 16.189 31.478
395.743 119.283 16.189 31.478
397.741 120.863 15.511 30.160
399.354 118.756 16.210 31.519
398.430 116.555 16.941 32.940
399.795 115.036 17.704 34.425
398.790 114.664 18.502 35.977
397.314 113.854 19.337 37.599
395.992 112.784 20.208 39.294
395.529 113.710 20.208 39.294
393.917 111.667 21.119 41.065
367.589 116.868 20.235 39.345
349.502 123.014 19.387 37.698
357.707 119.284 20.261 39.397
358.131 108.309 19.413 37.747
367.622 117.519 18.600 36.166
363.095 118.917 17.821 34.652
367.990 118.510 17.821 34.652
374.929 113.242 18.624 36.214
364.633 119.344 17.844 34.697
371.368 113.260 18.649 36.261
372.230 111.587 19.489 37.896
375.591 109.392 20.368 39.604
390.065 110.599 21.286 41.389
395.860 112.925 20.395 39.656
397.453 114.455 19.540 37.995
395.448 112.705 20.421 39.708
374.642 116.336 19.566 38.045
374.648 110.785 20.448 39.760
375.821 107.788 21.370 41.553
375.829 106.362 22.333 43.426
389.855 107.932 23.340 45.383
366.078 115.015 22.363 43.483
352.526 119.750 21.426 41.662
331.896 112.289 20.529 39.917
334.679 112.654 19.669 38.245
332.883 112.468 20.556 39.969
331.243 110.862 21.482 41.771
331.733 111.597 21.482 41.771
344.239 118.008 22.451 43.654
352.724 113.428 23.463 45.622
332.853 109.176 24.520 47.679
332.806 108.212 23.494 45.682
331.955 109.169 22.510 43.769
330.163 108.182 23.524 45.742
336.297 108.334 22.539 43.826
330.613 107.346 23.555 45.802
327.664 105.508 24.617 47.867
355.899 80.661 24.617 47.867
355.909 77.605 25.727 50.024
358.213 79.535 24.649 47.929
347.766 41.982 24.649 47.929
349.411 43.551 23.617 45.922
348.823 43.430 22.628 43.999
350.332 44.092 21.680 42.156
349.097 43.889 22.658 44.057
350.908 45.701 22.658 44.057
350.089 45.330 21.709 42.212
351.085 44.084 21.709 42.212
350.543 43.723 20.800 40.444
349.125 44.472 21.737 42.267
349.632 44.267 22.717 44.172
348.543 43.888 21.766 42.322
351.240 44.525 20.854 40.550
350.052 44.329 21.794 42.378
351.297 45.076 21.794 42.378
349.810 43.623 22.777 44.288
349.818 43.928 23.804 46.285
350.589 43.262 22.807 44.346
350.023 43.930 21.852 42.489
350.274 45.436 21.852 42.489
351.485 45.071 20.936 40.710
350.049 43.875 20.936 40.710
350.767 44.831 20.936 40.710
350.295 45.110 21.880 42.545
351.255 45.248 20.964 40.763
349.826 45.286 21.909 42.601
351.791 45.174 20.991 40.817
350.121 44.732 21.938 42.657
348.623 43.018 22.927 44.580
347.318 42.801 23.960 46.589
350.016 42.954 22.957 44.638
349.228 43.479 22.957 44.638
350.016 44.267 22.957 44.638
349.445 43.363 21.995 42.769
350.910 46.266 21.074 40.977
349.711 43.654 22.024 42.825
351.184 44.804 21.102 41.031
351.144 44.940 20.218 39.313
349.763 43.591 21.129 41.085
350.727 45.520 21.129 41.085
350.969 44.556 21.129 41.085
350.245 45.038 21.129 41.085
349.763 43.832 21.129 41.085
351.210 45.520 21.129 41.085
349.286 44.112 22.082 42.937
349.295 44.409 23.077 44.873
348.236 43.879 23.077 44.873
350.307 44.290 22.111 42.993
350.770 44.178 21.185 41.193
349.806 44.465 22.140 43.050
348.542 43.706 22.140 43.050
349.301 44.465 22.140 43.050
348.296 42.736 23.138 44.991
350.368 44.208 22.169 43.106
350.833 43.846 21.241 41.301
351.764 45.926 20.351 39.571
351.257 45.355 19.499 37.914
349.923 45.394 20.378 39.623
350.864 45.434 21.296 41.410
348.925 43.285 22.256 43.276
351.175 45.466 21.324 41.464
349.722 43.559 22.286 43.333
349.475 43.602 23.290 45.286
348.896 43.217 22.315 43.390
350.382 45.910 21.380 41.573
349.165 44.482 22.344 43.447
350.653 43.863 21.408 41.627
349.190 44.395 22.373 43.504
351.970 44.279 21.436 41.682
349.281 44.074 22.403 43.561
350.007 44.473 21.465 41.737
350.258 45.493 22.432 43.618
350.214 44.865 21.493 41.791
350.710 44.413 22.462 43.675
350.410 43.787 21.521 41.846
349.925 44.079 22.491 43.733
349.411 44.849 22.491 43.733
349.112 43.967 21.549 41.901
351.045 46.080 20.647 40.146
349.874 43.998 21.577 41.956
351.067 46.359 20.674 40.199
